time,x,y,z,phi,theta,psi,x_velocity,y_velocity,z_velocity,phi_velocity,theta_velocity,psi_velocity,rotor_speed1,rotor_speed2,rotor_speed3,rotor_speed4
0.06,-1.89729128145e-08,7.67583668259e-08,10.0066833762,7.60728467215e-05,2.03675570329e-05,0.0,-1.86664578752e-06,7.26665263514e-06,0.222761539532,0.00369036301088,0.00100994123547,0.0,475.07184250011846,475.1492529103095,473.2567600908804,473.5406454597477
0.12000000000000001,-9.26722415423e-07,3.29283933215e-06,10.0238011226,6.28298186773,0.000207443722322,0.0,-4.18015285962e-05,0.00010804176708,0.34779953255,-0.0319302355553,0.00703198050728,0.0,444.81964191947617,445.3123786430148,446.0744160176528,443.15658980159265
0.18,-1.00104067085e-05,-2.55676312938e-06,10.0490681404,6.28069825754,0.000880637109561,0.0,-0.000321798220534,-0.000527008717985,0.494381568897,-0.0545980411254,0.0184997640956,0.0,450.764907371474,451.69041411118974,452.8602825257008,451.0327604989124
0.23999999999999996,-5.46145582352e-05,-0.000104828860061,10.0839561775,6.27696764976,0.00234671817775,0.0,-0.00131276262484,-0.00326884098965,0.668465298241,-0.0850544421658,0.0342389469019,0.0,459.21919542956067,460.46585811993776,461.5390662845751,459.12637992758374
0.3,-0.000192004469529,-0.000454450956175,10.1279104729,6.27230064904,0.00437272531167,0.0,-0.00348330926875,-0.00890014889274,0.796592145678,-0.0662085461788,0.0328055402982,0.0,445.67689884762717,445.56020056846313,446.0580739992518,447.5892917038331
0.36000000000000004,-0.000502430756909,-0.00123729110809,10.1794529548,6.26814926403,0.00594173503641,0.0,-0.00705635043548,-0.0176218463133,0.921391595232,-0.0759375144077,0.00750880618959,0.0,446.20068251825046,444.1311250917655,445.99587157534415,445.19699140255085
0.4200000000000001,-0.00103867166306,-0.0025920197828,10.235819598,6.26382367537,0.00611599352118,0.0,-0.0108490394966,-0.0279453998208,0.957459622453,-0.0653435999212,-0.00841962094571,0.0,417.73927075031423,416.3481385956044,416.5591874057914,417.4800122100871
0.48000000000000015,-0.00182079562629,-0.00470601490101,10.2973726639,6.25954863657,0.00570030521789,0.0,-0.0151717254667,-0.0429547790534,1.09417896596,-0.0869454181028,-0.00410053830363,0.0,449.52494461444485,449.87486630921296,449.9556214178963,448.1995607456957
0.5400000000000001,-0.00286879004439,-0.00788138198912,10.3696698953,6.25433062695,0.00563674294329,0.0,-0.0197422886501,-0.0635110565491,1.3154841278,-0.0870096507604,0.00441862612877,0.0,474.6815386068418,475.3347924862132,475.2122798484614,475.20163477391634
0.6000000000000002,-0.00417212134894,-0.0123144011717,10.4518087216,6.24927622611,0.00599531804364,0.0,-0.0237336864545,-0.0847812363869,1.42233231155,-0.0792110014199,0.00892257405551,0.0,440.9350022448659,441.30679349384366,440.3624275333571,441.00109134242996
0.6600000000000003,-0.00575080791026,-0.018282517984,10.5448152731,6.24468009245,0.00671718088143,0.0,-0.0289665179726,-0.114727864881,1.67752439418,-0.0718402882356,0.0176178851589,0.0,485.7469256082889,486.3983668976498,485.1475827442924,485.69651473246023
0.7200000000000003,-0.00765787691864,-0.0261275404271,10.6522616718,6.24063432396,0.00758623141662,0.0,-0.0347173903076,-0.147262020455,1.90365031028,-0.059816648008,0.00733597437302,0.0,478.41999215499055,477.6364337479976,477.7326010152975,478.64533240654646
0.7800000000000004,-0.00993058478632,-0.0360302765316,10.7735087382,6.23750257345,0.00818724614611,0.0,-0.0411004507967,-0.183217280601,2.13748986005,-0.0401743353539,0.0149018218553,0.0,480.4881084235529,481.06118236865404,480.7146439429479,482.1990149065311
0.8400000000000004,-0.0126129223273,-0.0482161786752,10.9099495396,6.23555943394,0.00920598076982,0.0,-0.048428764715,-0.223228697983,2.40998543274,-0.0201518042128,0.020839124425,0.0,492.45806555029986,492.8969133567154,492.6707629410933,494.14852157730786
0.9000000000000005,-0.015701618403,-0.062536174908,11.0562215473,6.23421459881,0.0107489718907,0.0,-0.0546614488007,-0.254221197737,2.46561869735,-0.0273720482873,0.0340219083634,0.0,427.585013299389,428.70673272378286,429.33121361730986,428.7181303993659
0.9600000000000005,-0.0192099021975,-0.078800329704,11.2069835806,6.23256599491,0.0131270299147,0.0,-0.0625045372929,-0.288074526484,2.55956103882,-0.027686892531,0.0489896016892,0.0,440.45769044407876,441.6945740256066,441.254883621698,441.2287009169487
1.0200000000000005,-0.0233096030357,-0.0973862240387,11.3684119711,6.23095811515,0.0156153521991,0.0,-0.0744951458711,-0.331631011665,2.8207559151,-0.0250771990113,0.0188940012055,0.0,492.25850182023186,490.02711908158676,492.0698503705,492.2629105009796
1.0800000000000005,-0.0281551599468,-0.118532162475,11.5437185102,6.22929572533,0.0165810688796,0.0,-0.0871390571189,-0.373392815965,3.02226539683,-0.0335645292599,0.00981051905734,0.0,474.5592485223144,473.8613956795686,477.4988552614189,476.8508047358815
1.1400000000000006,-0.0336991524414,-0.14196288028,11.7262717432,6.22720095027,0.0172516229511,0.0,-0.0977177733649,-0.407818354174,3.06271621798,-0.0377554406938,0.0137756249801,0.0,427.0513135369029,427.3892858990908,426.9189643880957,426.5606389702724
1.2000000000000006,-0.0398737161782,-0.167442743577,11.9102372056,6.22450733559,0.0181161506647,0.0,-0.108175431831,-0.441724374377,3.06942682271,-0.0656461209787,0.0156459357867,0.0,415.6588895118917,415.8226753143479,417.64053476041687,415.1991422773929
1.2600000000000007,-0.0468093495118,-0.195391338614,12.1009926547,6.2203700175,0.018496712998,0.0,-0.123099703998,-0.490342579422,3.2884399826,-0.0765630442475,-0.0285198895805,0.0,484.1615128867469,480.8271212782128,482.3919826510537,481.5636627607426
1.3200000000000007,-0.0545800619332,-0.226160485653,12.3017413393,6.21547809437,0.0163311497466,0.0,-0.135724043565,-0.535767282469,3.40280700831,-0.0939948597257,-0.0589497988552,0.0,454.06497790727394,451.61633190794754,452.36938177844473,450.95804518208087
1.3800000000000008,-0.0630235840236,-0.259620618973,12.5072828621,6.21008908079,0.0133978229367,0.0,-0.145425287145,-0.580080027016,3.44839425972,-0.0825566686942,-0.0339718755773,0.0,431.62897684073454,433.73017800214353,429.4014062671856,430.36356577848954
1.4400000000000008,-0.0720326725988,-0.296038000339,12.7182190236,6.20465883645,0.0112502302033,0.0,-0.15464844945,-0.634350302275,3.58234343448,-0.115337724272,-0.039709348546,0.0,459.98685325418097,459.53172871421503,460.44128391061776,457.8332534546631
1.5000000000000009,-0.0815873105002,-0.336133152072,12.940883176,6.19831256385,0.00875496633941,0.0,-0.163525282791,-0.702913689782,3.83887754866,-0.0914192785449,-0.0456361527942,0.0,497.24440402816606,496.80928873433743,494.7853756515124,496.5343704851634
1.560000000000001,-0.0915761039866,-0.380150810241,13.174892203,6.19254121314,0.00571077688681,0.0,-0.169129224695,-0.764897903283,3.96093238302,-0.108015853261,-0.0636313485158,0.0,459.724723950209,458.29489971302286,459.0425940310568,457.7158608660963
1.620000000000001,-0.101814250026,-0.427689889145,13.4126791115,6.18606892701,0.0014473956134,0.0,-0.171793256167,-0.820307946793,3.96520566852,-0.107584402071,-0.0931627975552,0.0,423.88282888573735,421.3325521450355,421.8596854332716,421.886028520277
1.680000000000001,-0.112133309348,-0.479328064789,13.6573880212,6.17960967015,6.27914428581,0.0,-0.171506092847,-0.901665387666,4.19084030443,-0.107794286386,-0.0882950379398,0.0,489.54795154419094,489.9038490291576,491.39951330989226,491.3749815311744
1.740000000000001,-0.12232119529,-0.535600681328,13.911757272,6.17269732349,6.27364789928,0.0,-0.167543906424,-0.974724273067,4.28766224918,-0.137231071914,-0.0992182844726,0.0,455.61805815061774,454.7369152325209,454.18582010422926,451.80631636944617
1.8000000000000012,-0.132157744518,-0.596386212934,14.1717343121,6.16450705344,6.26792308091,0.0,-0.159757278001,-1.05224690652,4.37774969651,-0.135091122723,-0.0887269004074,0.0,452.8964293544922,453.7319451428745,452.6520262140258,452.8073617908712
1.8600000000000012,-0.141458125696,-0.661652781991,14.434306549,6.15725187561,6.26292626971,0.0,-0.14980796017,-1.12396638291,4.37453594938,-0.101822511171,-0.0741611512937,0.0,423.57564452441585,424.8204511140302,422.59340069514326,425.4369610770993
1.9200000000000013,-0.150057115325,-0.731458736804,14.6975502592,6.15101812268,6.25818259358,0.0,-0.136409692448,-1.20345049638,4.40002251004,-0.108399425278,-0.0913031495678,0.0,434.4454736528022,433.0002951480912,434.16152664536196,433.59957587354256
1.9800000000000013,-0.157778292132,-0.806063627903,14.9616478359,6.14454252374,6.2529757553,0.0,-0.120494117953,-1.28394968476,4.40307203563,-0.106998271084,-0.0790021928872,0.0,426.1407836311752,427.184463004877,427.21880132114654,427.32751245967376
2.0400000000000014,-0.164313642278,-0.886245402205,15.230385443,6.13803933227,6.24867755802,0.0,-0.0968758109162,-1.38940112815,4.55406064999,-0.111315877367,-0.0599404002315,0.0,472.92976622299875,474.39209093426194,474.002140923991,473.6606301890029
2.1000000000000014,-0.169457042791,-0.97241615164,15.5048617257,6.13148201781,6.24525646288,0.0,-0.0742489261995,-1.48355259126,4.59480198519,-0.105517551163,-0.0517370310103,0.0,440.63398469567005,441.309431796986,441.3845669440972,441.8522573460813
2.1600000000000015,-0.173178613967,-1.06436478317,15.7817800658,6.12486657428,6.2425172762,0.0,-0.0495388374136,-1.58198131274,4.63545156531,-0.1219878049,-0.0356463024892,0.0,441.4851070040019,442.8096219339492,442.5690076025679,441.20009745966155
2.2200000000000015,-0.175263885315,-1.1627554762,16.063627277,6.11710412088,6.2398501225,0.0,-0.0197519678978,-1.69841350602,4.7586940812,-0.151272755569,-0.0748904529902,0.0,470.1738637660419,467.1217209593299,469.5724542769653,467.279834021331
2.2800000000000016,-0.175695886748,-1.26754669811,16.3483396523,6.1082275462,6.23553698036,0.0,0.0057238507811,-1.79539166497,4.73157912891,-0.142006378767,-0.0664701474186,0.0,422.136957746634,422.8587390018319,421.59364593871237,422.37177999530184
2.3400000000000016,-0.174617546618,-1.3779804911,16.6295585743,6.09926834694,6.23185515394,0.0,0.0305222008742,-1.88644540108,4.64251707,-0.170861221143,-0.0527288147996,0.0,401.03902546430646,402.2822320990255,401.94627412583554,399.29769321011673
2.4000000000000017,-0.171633153888,-1.49531482275,16.9122889218,6.08864093097,6.22866940528,0.0,0.069267309358,-2.02569798992,4.78085041755,-0.194141634966,-0.0538398119256,0.0,474.1543961228571,474.06737171090583,476.7538833775523,474.94300217023374
2.4600000000000017,-0.166174412255,-1.6215234889,17.2046638545,6.07729703278,6.22558864671,0.0,0.113003276641,-2.18239071,4.96369902944,-0.180481198278,-0.0467758245882,0.0,491.50788474073755,492.0297720791604,488.11520105439627,489.10232015990323
2.520000000000002,-0.158160660086,-1.75690076139,17.505596278,6.06670787971,6.22323134422,0.0,0.154350622984,-2.3311654798,5.06645874458,-0.169509276954,-0.0274343095785,0.0,467.43524845149915,468.9395339358611,469.0392283820334,469.8623925063614
2.580000000000002,-0.147561033182,-1.90163922561,17.8135968971,6.05669407287,6.22108192205,0.0,0.199115574922,-2.49437162911,5.1991216683,-0.162132147765,-0.0633398469721,0.0,480.6780934313824,477.9481955556594,479.9669487850824,480.50219663490594
2.640000000000002,-0.134422763921,-2.05565600749,18.126335585,6.04701497422,6.21708224382,0.0,0.239168615021,-2.64035760845,5.22490955261,-0.159740449542,-0.0743019393686,0.0,449.72959888992847,448.8373532199693,448.44664455069494,448.6164202957981
2.700000000000002,-0.118658572987,-2.21912558559,18.4426677786,6.03704243111,6.21261321504,0.0,0.286719874867,-2.80947466098,5.31849511245,-0.184046980013,-0.0748498559603,0.0,471.58414293456894,471.5378228834374,472.37566167915355,470.47195547682793
2.760000000000002,-0.100118803209,-2.39237071096,18.7622301051,6.02595333885,6.20754901586,0.0,0.331670445394,-2.96629974791,5.33292882536,-0.186404526947,-0.122065230605,0.0,450.92790939919706,447.08976024020154,448.5453557187466,448.32102056783435
2.820000000000002,-0.0791013680229,-2.57415643576,19.0785330128,6.01501332985,6.20070602242,0.0,0.369442070379,-3.09411821377,5.21056770657,-0.175241344406,-0.101542069289,0.0,402.8220049102676,404.6607478984319,402.8180202015397,403.7904784466888
2.880000000000002,-0.0551401713821,-2.76562238429,19.394126722,6.00478843381,6.19468297425,0.0,0.429831867085,-3.28894937939,5.30802388266,-0.16219328627,-0.0981650969952,0.0,476.9696410914086,477.2195750825901,475.23236898479473,476.20573859978623
2.940000000000002,-0.0273249844964,-2.96931330873,19.7165950732,5.99501269295,6.18931627023,0.0,0.497863293941,-3.5015384156,5.43948118152,-0.164440527863,-0.0760800330388,0.0,488.4637026118267,490.10208849085643,489.1868745262551,488.99684012440366
3.000000000000002,0.00436788753689,-3.18501891382,20.0436411992,5.9852191772,6.18497166559,0.0,0.558935911505,-3.68945051658,5.46120745924,-0.160902268397,-0.0659320774455,0.0,457.6772773878102,458.48049419085766,458.02257513172935,458.27943188022203
3.0600000000000023,0.0400022167055,-3.41277615102,20.3738127359,5.97571037006,6.18158951189,0.0,0.629160785876,-3.90321095607,5.54325784867,-0.154034856565,-0.0420164842468,0.0,478.23246692825944,480.0489182596307,478.502289345885,479.003021850907
3.1200000000000023,0.0796900836686,-3.65289221526,20.7067255866,5.96644808191,6.17914371869,0.0,0.693944436896,-4.10140398059,5.55299487562,-0.155052455117,-0.0383682555954,0.0,458.50628464702936,458.7952851632189,458.8698393061899,458.767339628126
3.1800000000000024,0.123132846497,-3.90455452427,21.0385452682,5.95727118934,6.17659965171,0.0,0.75432668346,-4.28810921571,5.50712081038,-0.149045505482,-0.0520164982932,0.0,442.90100550206796,441.7757500297676,441.94433930142947,442.4170848504512
3.2400000000000024,0.170263948911,-4.16764772099,21.3677215158,5.9482933707,6.17395234633,0.0,0.81692238143,-4.48240836873,5.46481990285,-0.150824833303,-0.0317568852202,0.0,443.30526627569867,444.9660964295592,445.360214669635,445.1936203098575
3.3000000000000025,0.221621693747,-4.44385706367,21.6979736356,5.93973705636,6.17151648748,0.0,0.895096131467,-4.72520505307,5.54218435555,-0.129849105311,-0.0713050824145,0.0,486.21385020125757,483.24009988078245,483.70981598882946,485.26977004088695
3.3600000000000025,0.277395743027,-4.73382327136,22.0299946044,5.93220178076,6.1668810214,0.0,0.964378776166,-4.94094925939,5.52436083102,-0.118203679836,-0.0931201643842,0.0,458.49562645841723,456.753946709264,456.34020636020773,457.25510686862265
3.4200000000000026,0.336930402093,-5.03546928868,22.3570110052,5.92513278479,6.16106580999,0.0,1.02054382684,-5.11464353497,5.37618516747,-0.117054186531,-0.105867816269,0.0,415.1057037520401,413.9763234465771,413.3727790263888,413.46049369010234
3.4800000000000026,0.400214285018,-5.34849992542,22.6773070508,5.91864689074,6.15471041714,0.0,1.08941389657,-5.32032458244,5.29984060814,-0.0944554825189,-0.106034146398,0.0,439.27708354370293,439.2533237164846,438.82796800436387,440.68963978929025
3.5400000000000027,0.467988129512,-5.6746966461,22.9947669511,5.91332821064,6.14833589371,0.0,1.17021793377,-5.55334768919,5.28127827193,-0.0790165767844,-0.106660796012,0.0,460.54009157292285,460.4810572440411,459.162521733528,460.37964845986636
3.6000000000000028,0.540715517024,-6.01497115759,23.3109618853,5.90879116651,6.14202168144,0.0,1.2545249117,-5.78953486255,5.25769988446,-0.0695668506618,-0.102533306926,0.0,460.6307283955709,460.94784787704634,459.65176277459085,460.39590391033556
3.660000000000003,0.619497822517,-6.37179241092,23.6314023599,5.90474509738,6.13555670537,0.0,1.37203809645,-6.10450614565,5.42151351976,-0.0634804695007,-0.121019323114,0.0,521.1877432651474,519.885288522774,520.3331804001739,520.7564967142721
3.720000000000003,0.704230687693,-6.74453388288,23.9537708599,5.90074219406,6.12790239665,0.0,1.45295847253,-6.32070605105,5.32367283669,-0.0741248442818,-0.145760297071,0.0,443.05643726937666,441.00152424186905,442.0624279582199,441.1807759180454
3.780000000000003,0.794665494928,-7.13206247592,24.2744220808,5.89633268194,6.11946194116,0.0,1.5622227393,-6.59715171386,5.36321113644,-0.0722557223137,-0.132073760814,0.0,488.2335778441743,489.23735602525414,487.73331487364914,487.86925484163476
3.840000000000003,0.891234578208,-7.53497045454,24.5940686121,5.89151366795,6.11120322078,0.0,1.65735517796,-6.8335928297,5.29091659018,-0.105803606471,-0.152123014762,0.0,455.8478231504661,454.2249505239153,456.2612425645541,453.56853565274014
3.900000000000003,0.993644961677,-7.95217936373,24.9092356278,5.88488515891,6.10204516031,0.0,1.75700509897,-7.07395877405,5.21373674133,-0.121992603847,-0.153675776711,0.0,455.20626424566615,455.06058396423987,455.978792062541,454.6726047273947
3.960000000000003,1.1021361766,-8.38386005133,25.2194070644,5.87735252313,6.09331282121,0.0,1.86001514537,-7.31605408674,5.12436104835,-0.133800351402,-0.13288452337,0.0,452.4647337673778,454.11631411679315,453.7126428328052,452.74923438871394
4.020000000000002,1.21683904422,-8.83001548174,25.5235853049,5.86925025907,6.08557725019,0.0,1.9639569879,-7.55652328054,5.01402183383,-0.137632012015,-0.122003769707,0.0,447.8705569855375,448.73981221257236,448.41061737535625,448.0824682797392
4.080000000000001,1.33831728843,-9.29161587657,25.8229263765,5.86092721474,6.0783787162,0.0,2.08577819854,-7.83078062454,4.96258007668,-0.14097900351,-0.116203301244,0.0,470.0772672725505,470.5145540427817,470.89866739728717,470.6229294919794
4.14,1.4674400883,-9.77028274282,26.1199609379,5.85283429274,6.07185760554,0.0,2.21869262381,-8.12533889121,4.9368492613,-0.124864100832,-0.0967982615889,0.0,481.94308521709866,483.3983942257557,481.30412754848334,482.5071684569511
4.199999999999998,1.60434044428,-10.2662183246,26.4139890948,5.84510371581,6.06559671469,0.0,2.34497516776,-8.40646877475,4.86270606717,-0.138294277152,-0.127064459864,0.0,470.95222025942286,468.59517577527635,470.6458286878992,469.59054544803945
4.259999999999997,1.74826381503,-10.777946475,26.7007220329,5.83677074665,6.05808377538,0.0,2.45296091736,-8.65198151669,4.69425580012,-0.140085267257,-0.121756459214,0.0,439.7827448328731,440.20789855169136,440.6146039665387,440.4483755135381
4.319999999999996,1.89894948653,-11.3049278345,26.9779102988,5.82788386549,6.05071602725,0.0,2.57033868601,-8.91487145476,4.54428838263,-0.173387923794,-0.124957755439,0.0,448.775448454214,448.50192502656336,450.65416926462177,447.93184098267716
4.379999999999995,2.05609172703,-11.8466006692,27.2433300373,5.81750417983,6.04327869735,0.0,2.66821999814,-9.14194606323,4.30249945059,-0.172220915354,-0.122024661941,0.0,417.698975011594,417.9397735207683,417.3845769835405,417.4555768027635
4.439999999999993,2.22009643518,-12.4037486931,27.4973687447,5.80686662313,6.0359784262,0.0,2.79897637268,-9.43047179381,4.16393270934,-0.190074474446,-0.120974123909,0.0,457.5871172743908,457.65785856178894,458.0597624275783,456.60755308475234
4.499999999999992,2.39194671158,-12.9782437781,27.7425207186,5.79523802957,6.02849315135,0.0,2.92972094418,-9.72023093057,4.00622251153,-0.202567778574,-0.133644737469,0.0,454.85516217243696,453.82504282358445,455.0674035333363,454.02994705470803
4.559999999999991,2.57127767215,-13.5695133016,27.9764065955,5.78269703424,6.02054383152,0.0,3.04839632205,-9.98974653353,3.78869961857,-0.226764339448,-0.130273667012,0.0,435.4174434645653,435.6829483800206,438.151241209822,436.08950746614295
4.6199999999999894,2.75827748072,-14.1779910591,28.1984882277,5.76933744597,6.0137082437,0.0,3.18520583933,-10.2937404896,3.61215187951,-0.215518797176,-0.0928974161768,0.0,453.5199139203699,456.5010348494117,454.79175823498474,455.6439437663458
4.679999999999988,2.95294371583,-14.8038473248,28.407763508,5.75691723912,6.00779843917,0.0,3.3039124458,-10.5691974552,3.36241171509,-0.193894852926,-0.113078711003,0.0,432.2907161156287,430.57717430948964,431.75142713122807,433.5287955844884
4.739999999999987,3.15539931739,-15.4475320586,28.6036556754,5.74546297842,6.00087561499,0.0,3.44483761518,-10.8878277302,3.16546323491,-0.185517198065,-0.120429487339,0.0,456.14941122800604,455.55022986376514,455.03923300336123,455.6750616609829
4.799999999999986,3.3674631725,-16.112458583,28.7906037527,5.73454553356,5.99399326143,0.0,3.62402794169,-11.2769005107,3.06325919478,-0.17565791653,-0.105200743882,0.0,494.43705924821364,495.54772557397416,493.4856673840393,494.18466740919604
4.859999999999984,3.58875555014,-16.798155024,28.9664762382,5.72409400977,5.98817421443,0.0,3.75260513501,-11.5806949325,2.79766638538,-0.171414542669,-0.0842274586487,0.0,441.0929610537893,442.8139842537058,440.0292899888698,440.35106337582897
4.919999999999983,3.81785003914,-17.5023800906,29.1262453569,5.71390384169,5.98282959232,0.0,3.88402034174,-11.8945429735,2.52639378832,-0.166856752379,-0.101156458957,0.0,443.7567086284287,442.3574745259594,442.4800750648511,442.8275107043527
4.979999999999982,4.05570266196,-18.2271169781,29.2716900286,5.70392560854,5.97773884539,0.0,4.04439151833,-12.2641468734,2.31939963135,-0.165221935846,-0.0638436940999,0.0,471.1429114925653,474.01399425261593,470.97315233172475,471.074916768745
5.0399999999999805,4.30350923236,-18.9747963508,29.4051531225,5.69503546221,5.97416092856,0.0,4.21560277745,-12.6592352042,2.12677842084,-0.126555211687,-0.0523186801151,0.0,482.845367590246,483.71216168605736,481.32678538969105,484.2254691039636
